0 Medford
1 Arlington
2 Everett
3 Cambridge
4 Belmont
5 Somerville
6 London
7 Auckland
8 Liverpool
9 Manchester
10 ForestHeath
11 EastYorkshire
12 MidSussex
13 Bedford
14 BathandNorthEastSomerset
15 BlackburnwithDarwen
16 Northumberland
17 Torridge
18 Boston
19 HammersmithandFulham
20 Harrogate
21 SouthLakeland
22 Erewash
23 GreatYarmouth
24 HammersmithandFulham
25 KingstonuponHull
26 Spelthorne
27 Guildford
28 Mansfield
29 NewForest
30 Harrogate
31 Herefordshire
32 RedcarandCleveland
33 Rotherham
34 Knowsley
35 Peterborough
36 NorthNorfolk
37 Sheffield
38 SouthGloucestershire
39 Richmondshire
40 WestNorthamptonshire
41 Rushmoor
42 Pendle
43 Scarborough
44 Tamworth
45 WestBerkshire
46 Swindon
47 Sheffield
48 Wakefield
49 Wirral
1225
0 1 73
0 2 4
0 3 54
0 4 61
0 5 73
0 6 1
0 7 26
0 8 59
0 9 62
0 10 35
0 11 83
0 12 20
0 13 4
0 14 66
0 15 62
0 16 41
0 17 9
0 18 31
0 19 95
0 20 46
0 21 5
0 22 53
0 23 17
0 24 77
0 25 45
0 26 48
0 27 53
0 28 36
0 29 86
0 30 33
0 31 58
0 32 22
0 33 87
0 34 38
0 35 84
0 36 46
0 37 17
0 38 58
0 39 98
0 40 30
0 41 56
0 42 78
0 43 48
0 44 5
0 45 74
0 46 0
0 47 30
0 48 17
0 49 24
1 2 38
1 3 68
1 4 46
1 5 98
1 6 30
1 7 40
1 8 85
1 9 70
1 10 57
1 11 55
1 12 60
1 13 8
1 14 83
1 15 74
1 16 41
1 17 64
1 18 20
1 19 28
1 20 52
1 21 30
1 22 4
1 23 4
1 24 63
1 25 38
1 26 77
1 27 84
1 28 9
1 29 68
1 30 10
1 31 19
1 32 49
1 33 72
1 34 47
1 35 76
1 36 19
1 37 14
1 38 99
1 39 98
1 40 12
1 41 56
1 42 21
1 43 24
1 44 44
1 45 55
1 46 53
1 47 57
1 48 31
1 49 87
2 3 35
2 4 18
2 5 79
2 6 66
2 7 22
2 8 15
2 9 34
2 10 58
2 11 38
2 12 21
2 13 84
2 14 83
2 15 22
2 16 99
2 17 22
2 18 61
2 19 98
2 20 44
2 21 41
2 22 55
2 23 28
2 24 0
2 25 69
2 26 91
2 27 5
2 28 42
2 29 40
2 30 31
2 31 10
2 32 33
2 33 57
2 34 51
2 35 74
2 36 20
2 37 49
2 38 63
2 39 86
2 40 30
2 41 94
2 42 67
2 43 34
2 44 66
2 45 61
2 46 77
2 47 63
2 48 8
2 49 21
3 4 62
3 5 86
3 6 59
3 7 51
3 8 17
3 9 53
3 10 69
3 11 74
3 12 44
3 13 68
3 14 49
3 15 62
3 16 89
3 17 21
3 18 71
3 19 56
3 20 12
3 21 53
3 22 4
3 23 0
3 24 56
3 25 68
3 26 8
3 27 6
3 28 44
3 29 11
3 30 19
3 31 13
3 32 77
3 33 58
3 34 62
3 35 17
3 36 58
3 37 55
3 38 99
3 39 64
3 40 57
3 41 43
3 42 92
3 43 33
3 44 100
3 45 89
3 46 58
3 47 54
3 48 42
3 49 83
4 5 66
4 6 66
4 7 19
4 8 94
4 9 30
4 10 41
4 11 79
4 12 4
4 13 87
4 14 25
4 15 82
4 16 75
4 17 73
4 18 80
4 19 61
4 20 3
4 21 14
4 22 37
4 23 55
4 24 31
4 25 91
4 26 37
4 27 11
4 28 5
4 29 76
4 30 70
4 31 98
4 32 13
4 33 36
4 34 20
4 35 85
4 36 61
4 37 18
4 38 46
4 39 76
4 40 51
4 41 100
4 42 24
4 43 44
4 44 23
4 45 10
4 46 75
4 47 24
4 48 54
4 49 26
5 6 12
5 7 87
5 8 39
5 9 59
5 10 95
5 11 96
5 12 88
5 13 66
5 14 92
5 15 54
5 16 57
5 17 85
5 18 95
5 19 71
5 20 26
5 21 34
5 22 76
5 23 46
5 24 14
5 25 80
5 26 100
5 27 80
5 28 0
5 29 26
5 30 54
5 31 78
5 32 52
5 33 48
5 34 83
5 35 25
5 36 8
5 37 98
5 38 54
5 39 11
5 40 7
5 41 44
5 42 32
5 43 46
5 44 58
5 45 54
5 46 97
5 47 24
5 48 80
5 49 95
6 7 36
6 8 59
6 9 88
6 10 37
6 11 64
6 12 63
6 13 64
6 14 33
6 15 51
6 16 56
6 17 81
6 18 43
6 19 44
6 20 92
6 21 35
6 22 61
6 23 57
6 24 61
6 25 75
6 26 61
6 27 10
6 28 88
6 29 69
6 30 92
6 31 46
6 32 92
6 33 51
6 34 21
6 35 77
6 36 53
6 37 92
6 38 72
6 39 8
6 40 76
6 41 93
6 42 39
6 43 2
6 44 75
6 45 41
6 46 83
6 47 41
6 48 9
6 49 94
7 8 50
7 9 78
7 10 47
7 11 36
7 12 77
7 13 23
7 14 30
7 15 21
7 16 39
7 17 12
7 18 71
7 19 6
7 20 28
7 21 72
7 22 95
7 23 9
7 24 53
7 25 24
7 26 72
7 27 73
7 28 56
7 29 75
7 30 2
7 31 50
7 32 25
7 33 43
7 34 73
7 35 24
7 36 66
7 37 72
7 38 97
7 39 98
7 40 41
7 41 6
7 42 84
7 43 88
7 44 74
7 45 6
7 46 4
7 47 72
7 48 46
7 49 50
8 9 41
8 10 76
8 11 81
8 12 21
8 13 98
8 14 20
8 15 15
8 16 77
8 17 44
8 18 21
8 19 3
8 20 92
8 21 68
8 22 65
8 23 44
8 24 11
8 25 50
8 26 56
8 27 73
8 28 44
8 29 7
8 30 18
8 31 56
8 32 90
8 33 60
8 34 78
8 35 57
8 36 92
8 37 56
8 38 77
8 39 22
8 40 45
8 41 54
8 42 43
8 43 71
8 44 65
8 45 58
8 46 49
8 47 24
8 48 12
8 49 55
9 10 82
9 11 19
9 12 5
9 13 23
9 14 81
9 15 81
9 16 24
9 17 72
9 18 54
9 19 46
9 20 71
9 21 48
9 22 6
9 23 77
9 24 6
9 25 21
9 26 39
9 27 28
9 28 6
9 29 74
9 30 22
9 31 12
9 32 81
9 33 72
9 34 46
9 35 23
9 36 38
9 37 5
9 38 50
9 39 76
9 40 97
9 41 54
9 42 9
9 43 44
9 44 97
9 45 24
9 46 62
9 47 20
9 48 21
9 49 51
10 11 96
10 12 59
10 13 99
10 14 42
10 15 4
10 16 22
10 17 22
10 18 74
10 19 90
10 20 53
10 21 19
10 22 65
10 23 82
10 24 89
10 25 50
10 26 12
10 27 50
10 28 15
10 29 30
10 30 13
10 31 54
10 32 92
10 33 81
10 34 39
10 35 92
10 36 37
10 37 68
10 38 83
10 39 12
10 40 44
10 41 66
10 42 79
10 43 60
10 44 77
10 45 31
10 46 68
10 47 37
10 48 1
10 49 85
11 12 20
11 13 86
11 14 49
11 15 88
11 16 29
11 17 12
11 18 65
11 19 81
11 20 97
11 21 60
11 22 12
11 23 73
11 24 51
11 25 74
11 26 27
11 27 36
11 28 45
11 29 8
11 30 24
11 31 79
11 32 71
11 33 67
11 34 3
11 35 9
11 36 51
11 37 4
11 38 2
11 39 83
11 40 55
11 41 43
11 42 22
11 43 93
11 44 6
11 45 45
11 46 41
11 47 80
11 48 60
11 49 100
12 13 21
12 14 2
12 15 26
12 16 16
12 17 37
12 18 25
12 19 31
12 20 31
12 21 49
12 22 78
12 23 69
12 24 74
12 25 76
12 26 53
12 27 70
12 28 97
12 29 3
12 30 16
12 31 0
12 32 15
12 33 3
12 34 7
12 35 87
12 36 98
12 37 98
12 38 22
12 39 15
12 40 88
12 41 49
12 42 8
12 43 1
12 44 84
12 45 55
12 46 94
12 47 84
12 48 23
12 49 79
13 14 53
13 15 6
13 16 70
13 17 21
13 18 6
13 19 89
13 20 48
13 21 74
13 22 58
13 23 58
13 24 42
13 25 23
13 26 4
13 27 51
13 28 80
13 29 58
13 30 62
13 31 90
13 32 91
13 33 46
13 34 85
13 35 9
13 36 17
13 37 33
13 38 32
13 39 22
13 40 11
13 41 58
13 42 1
13 43 19
13 44 35
13 45 10
13 46 67
13 47 39
13 48 18
13 49 98
14 15 13
14 16 68
14 17 15
14 18 36
14 19 90
14 20 79
14 21 42
14 22 0
14 23 73
14 24 33
14 25 81
14 26 96
14 27 66
14 28 54
14 29 65
14 30 18
14 31 91
14 32 7
14 33 81
14 34 7
14 35 77
14 36 7
14 37 82
14 38 27
14 39 68
14 40 1
14 41 27
14 42 18
14 43 39
14 44 88
14 45 53
14 46 19
14 47 3
14 48 47
14 49 66
15 16 85
15 17 90
15 18 14
15 19 61
15 20 38
15 21 59
15 22 59
15 23 22
15 24 80
15 25 18
15 26 3
15 27 51
15 28 77
15 29 19
15 30 57
15 31 84
15 32 89
15 33 98
15 34 22
15 35 43
15 36 64
15 37 85
15 38 60
15 39 19
15 40 5
15 41 62
15 42 75
15 43 49
15 44 21
15 45 60
15 46 89
15 47 35
15 48 27
15 49 63
16 17 66
16 18 45
16 19 83
16 20 72
16 21 98
16 22 71
16 23 48
16 24 19
16 25 82
16 26 40
16 27 94
16 28 40
16 29 16
16 30 7
16 31 58
16 32 6
16 33 86
16 34 42
16 35 67
16 36 66
16 37 6
16 38 48
16 39 78
16 40 99
16 41 100
16 42 10
16 43 89
16 44 92
16 45 4
16 46 16
16 47 4
16 48 1
16 49 46
17 18 55
17 19 28
17 20 84
17 21 61
17 22 72
17 23 84
17 24 92
17 25 11
17 26 13
17 27 8
17 28 46
17 29 58
17 30 54
17 31 39
17 32 22
17 33 95
17 34 16
17 35 97
17 36 80
17 37 51
17 38 69
17 39 89
17 40 69
17 41 24
17 42 87
17 43 95
17 44 30
17 45 92
17 46 19
17 47 48
17 48 27
17 49 65
18 19 76
18 20 62
18 21 87
18 22 84
18 23 49
18 24 100
18 25 24
18 26 8
18 27 68
18 28 93
18 29 95
18 30 19
18 31 77
18 32 75
18 33 68
18 34 16
18 35 9
18 36 84
18 37 50
18 38 58
18 39 11
18 40 26
18 41 1
18 42 58
18 43 22
18 44 85
18 45 21
18 46 46
18 47 49
18 48 80
18 49 26
19 20 31
19 21 42
19 22 38
19 23 75
19 24 33
19 25 19
19 26 7
19 27 62
19 28 53
19 29 45
19 30 43
19 31 0
19 32 41
19 33 86
19 34 37
19 35 64
19 36 99
19 37 89
19 38 75
19 39 6
19 40 52
19 41 91
19 42 36
19 43 58
19 44 21
19 45 14
19 46 53
19 47 54
19 48 11
19 49 15
20 21 59
20 22 20
20 23 9
20 24 48
20 25 68
20 26 10
20 27 0
20 28 66
20 29 92
20 30 70
20 31 33
20 32 73
20 33 61
20 34 10
20 35 53
20 36 14
20 37 96
20 38 52
20 39 61
20 40 28
20 41 50
20 42 2
20 43 56
20 44 58
20 45 81
20 46 72
20 47 91
20 48 63
20 49 89
21 22 53
21 23 38
21 24 71
21 25 84
21 26 19
21 27 57
21 28 21
21 29 29
21 30 60
21 31 63
21 32 73
21 33 59
21 34 51
21 35 38
21 36 95
21 37 70
21 38 57
21 39 76
21 40 97
21 41 2
21 42 64
21 43 69
21 44 47
21 45 80
21 46 90
21 47 59
21 48 38
21 49 23
22 23 30
22 24 28
22 25 47
22 26 77
22 27 20
22 28 67
22 29 99
22 30 3
22 31 69
22 32 72
22 33 4
22 34 7
22 35 21
22 36 53
22 37 97
22 38 39
22 39 21
22 40 98
22 41 25
22 42 3
22 43 21
22 44 59
22 45 40
22 46 5
22 47 64
22 48 31
22 49 4
23 24 2
23 25 18
23 26 86
23 27 62
23 28 58
23 29 98
23 30 45
23 31 2
23 32 53
23 33 80
23 34 87
23 35 45
23 36 33
23 37 2
23 38 19
23 39 32
23 40 5
23 41 18
23 42 83
23 43 87
23 44 85
23 45 30
23 46 14
23 47 65
23 48 91
23 49 60
24 25 99
24 26 98
24 27 37
24 28 44
24 29 40
24 30 70
24 31 54
24 32 99
24 33 89
24 34 42
24 35 76
24 36 37
24 37 54
24 38 7
24 39 13
24 40 61
24 41 85
24 42 92
24 43 91
24 44 46
24 45 62
24 46 92
24 47 55
24 48 60
24 49 45
25 26 8
25 27 20
25 28 74
25 29 24
25 30 70
25 31 96
25 32 41
25 33 36
25 34 25
25 35 0
25 36 93
25 37 74
25 38 54
25 39 92
25 40 98
25 41 5
25 42 97
25 43 93
25 44 21
25 45 20
25 46 61
25 47 46
25 48 50
25 49 15
26 27 49
26 28 31
26 29 25
26 30 73
26 31 9
26 32 62
26 33 6
26 34 70
26 35 32
26 36 62
26 37 10
26 38 99
26 39 95
26 40 84
26 41 78
26 42 89
26 43 11
26 44 31
26 45 82
26 46 22
26 47 21
26 48 57
26 49 51
27 28 90
27 29 71
27 30 24
27 31 87
27 32 54
27 33 89
27 34 29
27 35 55
27 36 52
27 37 24
27 38 29
27 39 92
27 40 89
27 41 46
27 42 61
27 43 91
27 44 16
27 45 96
27 46 25
27 47 73
27 48 84
27 49 94
28 29 6
28 30 93
28 31 87
28 32 66
28 33 89
28 34 23
28 35 24
28 36 10
28 37 92
28 38 50
28 39 81
28 40 87
28 41 69
28 42 0
28 43 77
28 44 64
28 45 29
28 46 88
28 47 91
28 48 72
28 49 41
29 30 40
29 31 62
29 32 74
29 33 80
29 34 22
29 35 60
29 36 31
29 37 48
29 38 51
29 39 59
29 40 65
29 41 13
29 42 53
29 43 77
29 44 66
29 45 93
29 46 11
29 47 31
29 48 7
29 49 13
30 31 92
30 32 8
30 33 34
30 34 31
30 35 35
30 36 92
30 37 89
30 38 43
30 39 96
30 40 36
30 41 68
30 42 47
30 43 17
30 44 44
30 45 98
30 46 72
30 47 81
30 48 16
30 49 89
31 32 9
31 33 1
31 34 96
31 35 98
31 36 57
31 37 82
31 38 15
31 39 51
31 40 78
31 41 79
31 42 2
31 43 20
31 44 76
31 45 17
31 46 52
31 47 30
31 48 60
31 49 59
32 33 8
32 34 21
32 35 10
32 36 43
32 37 83
32 38 84
32 39 34
32 40 98
32 41 19
32 42 81
32 43 7
32 44 56
32 45 89
32 46 94
32 47 66
32 48 5
32 49 84
33 34 6
33 35 4
33 36 56
33 37 67
33 38 52
33 39 70
33 40 68
33 41 39
33 42 95
33 43 77
33 44 73
33 45 87
33 46 46
33 47 37
33 48 75
33 49 17
34 35 59
34 36 92
34 37 42
34 38 45
34 39 8
34 40 33
34 41 90
34 42 37
34 43 83
34 44 44
34 45 89
34 46 71
34 47 13
34 48 32
34 49 80
35 36 48
35 37 40
35 38 59
35 39 54
35 40 51
35 41 21
35 42 35
35 43 14
35 44 19
35 45 71
35 46 79
35 47 21
35 48 0
35 49 56
36 37 97
36 38 97
36 39 46
36 40 55
36 41 34
36 42 20
36 43 40
36 44 24
36 45 87
36 46 81
36 47 85
36 48 16
36 49 6
37 38 6
37 39 97
37 40 74
37 41 21
37 42 72
37 43 68
37 44 70
37 45 19
37 46 7
37 47 73
37 48 37
37 49 45
38 39 59
38 40 97
38 41 46
38 42 39
38 43 32
38 44 9
38 45 25
38 46 83
38 47 45
38 48 8
38 49 82
39 40 9
39 41 94
39 42 72
39 43 31
39 44 56
39 45 100
39 46 69
39 47 87
39 48 30
39 49 73
40 41 79
40 42 34
40 43 71
40 44 86
40 45 37
40 46 6
40 47 64
40 48 55
40 49 84
41 42 92
41 43 43
41 44 59
41 45 76
41 46 89
41 47 7
41 48 47
41 49 42
42 43 61
42 44 62
42 45 36
42 46 68
42 47 62
42 48 0
42 49 47
43 44 32
43 45 74
43 46 74
43 47 82
43 48 60
43 49 23
44 45 29
44 46 49
44 47 55
44 48 41
44 49 87
45 46 35
45 47 13
45 48 43
45 49 14
46 47 11
46 48 13
46 49 32
47 48 55
47 49 30
48 49 22
